0 0.301016 0.247360 0.091531 0.252710
0 0.391375 0.273154 0.153125 0.278224
0 0.573250 0.290304 0.167187 0.308084
0 0.695047 0.359171 0.151781 0.386519
0 0.684062 0.620210 0.435094 0.759579
0 0.924398 0.144381 0.086266 0.154182
0 0.086242 0.298061 0.124359 0.373271
0 0.946336 0.341577 0.107328 0.314603
0 0.879031 0.501752 0.157781 0.577617
0 0.187953 0.291157 0.176656 0.261706
0 0.125125 0.192979 0.054406 0.089509
0 0.170445 0.192570 0.054141 0.089533
0 0.245609 0.662956 0.491219 0.674089
0 0.499219 0.219626 0.998437 0.350467