0 0.143180 0.752435 0.037672 0.187578
0 0.209125 0.653763 0.024000 0.152318
0 0.961922 0.815378 0.035469 0.226276
0 0.684664 0.525755 0.025984 0.082448
0 0.832641 0.360990 0.020313 0.057396
0 0.049156 0.691250 0.036187 0.133958
0 0.329961 0.639062 0.023891 0.120781
0 0.601344 0.350573 0.018875 0.076406
0 0.058617 0.727682 0.016484 0.113021
0 0.040492 0.761680 0.023453 0.151172
0 0.581078 0.357565 0.009813 0.049401
0 0.857820 0.566849 0.010984 0.038281
0 0.540867 0.567266 0.006578 0.009687
0 0.261719 0.623698 0.014063 0.111979