0 0.337352 0.514917 0.140391 0.558667
0 0.152969 0.337073 0.077031 0.086146
0 0.297648 0.338906 0.047141 0.077438
0 0.207125 0.268187 0.049281 0.105250
0 0.292258 0.272333 0.048234 0.093542
0 0.293000 0.239052 0.055594 0.106646
0 0.341586 0.261917 0.052672 0.073083
0 0.335305 0.214427 0.083578 0.165521
0 0.519102 0.267406 0.053922 0.116854
0 0.709891 0.293583 0.054000 0.063917
0 0.268141 0.133094 0.034969 0.074812
0 0.186938 0.151365 0.050344 0.102937
0 0.212125 0.338625 0.045781 0.079042
0 0.503125 0.185417 0.990625 0.370833