0 0.136703 0.550958 0.231844 0.455234
0 0.554898 0.400479 0.131453 0.317874
0 0.640000 0.424416 0.155094 0.405280
0 0.803570 0.337710 0.109453 0.242056
0 0.666430 0.111227 0.020953 0.041145
0 0.247961 0.428084 0.144266 0.447196
0 0.846078 0.686519 0.303563 0.604486
0 0.200625 0.141974 0.090812 0.283949
0 0.274406 0.080315 0.057656 0.160631
0 0.410672 0.142675 0.044094 0.141098
0 0.059211 0.192710 0.066172 0.263037
0 0.305859 0.211682 0.064500 0.297243
0 0.415875 0.586647 0.209813 0.556519
0 0.500000 0.266355 0.996875 0.532710