0 0.502703 0.565152 0.119094 0.171054
0 0.300102 0.505457 0.071641 0.173255
0 0.657805 0.491932 0.060266 0.085176
0 0.543008 0.539731 0.071953 0.155855
0 0.710414 0.481874 0.053391 0.083232
0 0.144391 0.476124 0.044344 0.128407
0 0.201930 0.474005 0.074547 0.189649
0 0.437383 0.557354 0.079797 0.152927
0 0.378609 0.541581 0.072500 0.156183
0 0.346695 0.536792 0.064578 0.136159
0 0.250359 0.498068 0.060094 0.149391
0 0.676703 0.469520 0.035313 0.069063
0 0.180750 0.426101 0.037312 0.083489
0 0.361719 0.471897 0.564063 0.227166