0 0.052417 0.276562 0.080417 0.150094
0 0.574260 0.164953 0.015063 0.043469
0 0.368500 0.188578 0.044250 0.078438
0 0.485594 0.193586 0.035021 0.076922
0 0.462667 0.198148 0.024917 0.066547
0 0.417854 0.198953 0.031458 0.066687
0 0.428646 0.178789 0.015500 0.041891
0 0.599906 0.171875 0.014437 0.031187
0 0.397208 0.192563 0.023167 0.066594
0 0.727750 0.147461 0.013250 0.027734
0 0.099979 0.175977 0.043458 0.031109
0 0.550740 0.174281 0.019938 0.059813
0 0.632698 0.143789 0.012771 0.014547
0 0.715625 0.154688 0.152083 0.056250