0 0.509172 0.448169 0.152562 0.256197
0 0.749391 0.628087 0.284187 0.721338
0 0.234836 0.249437 0.086766 0.364038
0 0.070461 0.779272 0.140922 0.416667
0 0.652914 0.361796 0.070297 0.179789
0 0.448453 0.175622 0.051313 0.128850
0 0.558047 0.300528 0.085656 0.427441
0 0.320094 0.247183 0.065812 0.265164
0 0.388062 0.241866 0.072594 0.248803
0 0.704078 0.271268 0.032969 0.058685
0 0.554273 0.753732 0.351828 0.492535
0 0.836320 0.381303 0.123016 0.244812
0 0.063695 0.308228 0.124672 0.337394
0 0.500000 0.299296 0.996875 0.556338