0 0.894039 0.344885 0.136734 0.227646
0 0.157586 0.716854 0.311797 0.543833
0 0.846281 0.726354 0.307437 0.527042
0 0.560086 0.148625 0.104672 0.185375
0 0.369937 0.288771 0.126406 0.271917
0 0.462297 0.628156 0.281406 0.741271
0 0.686578 0.368500 0.139469 0.338167
0 0.792977 0.623594 0.308422 0.680896
0 0.620531 0.289156 0.108875 0.206437
0 0.226445 0.308646 0.106391 0.279958
0 0.505641 0.225156 0.068062 0.095646
0 0.068484 0.363406 0.132156 0.301396
0 0.051281 0.250990 0.099656 0.205104
0 0.338281 0.617708 0.676562 0.760417