0 0.529281 0.678642 0.044750 0.246932
0 0.131828 0.657986 0.041188 0.247447
0 0.160336 0.672002 0.041422 0.241054
0 0.230930 0.682225 0.048734 0.282061
0 0.317398 0.673056 0.057047 0.247518
0 0.361562 0.669766 0.033250 0.237939
0 0.397969 0.667061 0.047406 0.254496
0 0.787141 0.568911 0.047156 0.059368
0 0.488148 0.677190 0.056891 0.252974
0 0.502984 0.567670 0.021875 0.075340
0 0.438695 0.671347 0.039391 0.243536
0 0.566859 0.664415 0.040906 0.259415
0 0.384461 0.553677 0.029391 0.070632
0 0.445312 0.571429 0.218750 0.088993