0 0.698688 0.652235 0.026937 0.133271
0 0.666922 0.662047 0.042469 0.140376
0 0.589812 0.642906 0.042063 0.143224
0 0.562875 0.613047 0.028000 0.128259
0 0.536062 0.575918 0.021375 0.057812
0 0.519789 0.569635 0.018422 0.044165
0 0.089336 0.876235 0.148891 0.247529
0 0.904992 0.672882 0.042859 0.163271
0 0.089836 0.706776 0.082266 0.385224
0 0.168680 0.739482 0.086109 0.345035
0 0.063844 0.562388 0.022094 0.055553
0 0.027461 0.651353 0.048422 0.261435
0 0.376766 0.569741 0.019094 0.077506
0 0.468750 0.732941 0.928125 0.529412