0 0.204560 0.813013 0.128400 0.370993
0 0.351840 0.809454 0.144080 0.356987
0 0.474370 0.787649 0.131660 0.334834
0 0.587770 0.793510 0.144820 0.315099
0 0.718690 0.786507 0.126220 0.314603
0 0.836620 0.804056 0.125160 0.326589
0 0.829320 0.575281 0.081440 0.305596
0 0.730170 0.630215 0.132700 0.387914
0 0.684390 0.547202 0.077020 0.239371
0 0.173210 0.286093 0.106420 0.353907
0 0.246530 0.387881 0.093340 0.245960
0 0.904980 0.679123 0.085200 0.468245
0 0.609940 0.572252 0.082680 0.361854
0 0.499000 0.495033 0.998000 0.870861