0 0.601242 0.435669 0.039516 0.098099
0 0.788094 0.449554 0.025844 0.049249
0 0.872914 0.458685 0.040453 0.030563
0 0.726109 0.396385 0.025281 0.028028
0 0.329516 0.396244 0.016531 0.040469
0 0.287016 0.419648 0.038219 0.053991
0 0.236047 0.425094 0.032906 0.056714
0 0.670172 0.439038 0.018750 0.035399
0 0.052078 0.471925 0.027844 0.047230
0 0.161070 0.413275 0.024203 0.054718
0 0.869734 0.384730 0.023719 0.034718
0 0.412930 0.429108 0.014734 0.062019
0 0.249758 0.400786 0.014516 0.022136
0 0.239063 0.404930 0.403125 0.025822