0 0.331531 0.157535 0.150656 0.284399
0 0.256117 0.274214 0.031016 0.058463
0 0.059336 0.290945 0.019266 0.071007
0 0.144094 0.278083 0.030750 0.044435
0 0.173328 0.271599 0.023906 0.050159
0 0.958742 0.298322 0.022828 0.021661
0 0.194008 0.281899 0.021078 0.030230
0 0.110039 0.290168 0.012109 0.052279
0 0.237320 0.285018 0.013328 0.032191
0 0.119133 0.297235 0.009578 0.064258
0 0.270891 0.285362 0.016844 0.043375
0 0.102695 0.285981 0.010391 0.030336
0 0.214867 0.272323 0.043953 0.056095
0 0.336719 0.309187 0.664062 0.088339