0 0.325984 0.769312 0.093406 0.455625
0 0.437031 0.743937 0.083719 0.352917
0 0.492820 0.639521 0.041859 0.148458
0 0.653172 0.653802 0.043344 0.148312
0 0.738297 0.693427 0.070625 0.248562
0 0.857023 0.720021 0.072484 0.285000
0 0.551695 0.652396 0.033703 0.194875
0 0.050172 0.721479 0.097219 0.323125
0 0.374883 0.700292 0.070828 0.304750
0 0.195203 0.736437 0.082312 0.338375
0 0.089758 0.618750 0.048422 0.119708
0 0.621141 0.765208 0.107656 0.415833
0 0.571414 0.700917 0.034266 0.261000
0 0.500000 0.762500 0.996875 0.470833