0 0.318203 0.545831 0.158656 0.310164
0 0.535516 0.538735 0.117906 0.193583
0 0.328094 0.193712 0.052094 0.100023
0 0.519969 0.172026 0.052375 0.065550
0 0.429117 0.189778 0.070734 0.073232
0 0.377578 0.181124 0.050719 0.091944
0 0.229797 0.204005 0.068312 0.112225
0 0.170273 0.210070 0.059984 0.106417
0 0.861469 0.098735 0.069625 0.101030
0 0.629727 0.152307 0.052859 0.062600
0 0.565438 0.164028 0.032313 0.062436
0 0.475938 0.164028 0.046219 0.102857
0 0.535398 0.485773 0.119922 0.231967
0 0.750000 0.135831 0.096875 0.065574