0 0.423862 0.718172 0.098521 0.159187
0 0.882981 0.752102 0.171549 0.320109
0 0.138850 0.655586 0.038685 0.055078
0 0.182324 0.657359 0.022958 0.035375
0 0.527934 0.644805 0.025305 0.019984
0 0.105035 0.654969 0.021854 0.034563
0 0.239883 0.635992 0.020610 0.022984
0 0.260974 0.638430 0.021103 0.014891
0 0.329648 0.635437 0.019671 0.015313
0 0.255751 0.669172 0.063662 0.044062
0 0.553251 0.771234 0.240681 0.245531
0 0.215047 0.654508 0.020845 0.041516
0 0.282113 0.635953 0.016854 0.013219
0 0.552817 0.649219 0.805164 0.067187