0 0.468086 0.582542 0.212266 0.393917
0 0.677531 0.547198 0.303375 0.820229
0 0.725195 0.242740 0.074422 0.138021
0 0.849437 0.420219 0.109375 0.257896
0 0.501906 0.326885 0.065031 0.309146
0 0.356242 0.283615 0.041859 0.163479
0 0.207766 0.231510 0.028281 0.040979
0 0.172273 0.258729 0.027359 0.074292
0 0.137977 0.242094 0.022016 0.069979
0 0.291500 0.267115 0.031500 0.047229
0 0.662180 0.211677 0.023672 0.060312
0 0.397461 0.313063 0.020641 0.027875
0 0.038086 0.233719 0.024422 0.035146
0 0.390625 0.278125 0.356250 0.147917