0 0.546125 0.729930 0.049844 0.074988
0 0.575805 0.720234 0.027828 0.070445
0 0.544617 0.672728 0.026891 0.122646
0 0.486555 0.741487 0.091297 0.048267
0 0.129852 0.819016 0.116422 0.076066
0 0.288078 0.754684 0.036687 0.067073
0 0.768023 0.746674 0.155328 0.068384
0 0.662789 0.626569 0.017047 0.068126
0 0.414633 0.743021 0.029266 0.071101
0 0.207375 0.806897 0.042469 0.043208
0 0.132367 0.809801 0.038391 0.028361
0 0.585828 0.655234 0.016344 0.030843
0 0.949797 0.530550 0.006438 0.029297
0 0.489063 0.669789 0.978125 0.341920