0 0.430340 0.575094 0.358803 0.565844
0 0.530047 0.403773 0.152582 0.171078
0 0.837876 0.583641 0.147254 0.267406
0 0.776643 0.442258 0.059202 0.083922
0 0.794002 0.373391 0.020681 0.055625
0 0.643263 0.370672 0.066056 0.084719
0 0.720399 0.357523 0.040000 0.051484
0 0.689777 0.348773 0.031667 0.064328
0 0.610035 0.434023 0.082418 0.121578
0 0.612042 0.351906 0.052019 0.072031
0 0.554660 0.312641 0.050634 0.071688
0 0.855434 0.376172 0.027582 0.042938
0 0.534155 0.297070 0.048122 0.052266
0 0.576291 0.466406 0.575117 0.595313