0 0.203922 0.432124 0.092437 0.243967
0 0.308055 0.148838 0.021047 0.053545
0 0.160367 0.119296 0.015172 0.043991
0 0.496648 0.488310 0.073047 0.221033
0 0.387195 0.345986 0.034547 0.121315
0 0.820609 0.484390 0.078125 0.219108
0 0.808641 0.364495 0.045156 0.109413
0 0.429336 0.280563 0.042953 0.083897
0 0.737547 0.244695 0.022812 0.084507
0 0.885125 0.223310 0.033563 0.062817
0 0.717352 0.157664 0.028484 0.049554
0 0.440289 0.175634 0.016828 0.053099
0 0.455820 0.191009 0.022016 0.071221
0 0.507812 0.185446 0.981250 0.370892