0 0.906109 0.408414 0.187782 0.338734
0 0.137521 0.649430 0.266632 0.188297
0 0.088326 0.443672 0.176653 0.268969
0 0.791318 0.435953 0.234686 0.373031
0 0.193504 0.420078 0.058222 0.143063
0 0.250356 0.397789 0.093556 0.077734
0 0.649362 0.441820 0.219184 0.204641
0 0.539895 0.411305 0.120418 0.147859
0 0.635753 0.336633 0.049707 0.036422
0 0.733358 0.355508 0.096381 0.141984
0 0.282667 0.393562 0.049854 0.054344
0 0.159592 0.427820 0.061276 0.146641
0 0.927123 0.617188 0.145753 0.101562
0 0.438285 0.382812 0.872385 0.237500