0 0.535539 0.473875 0.041578 0.148167
0 0.653570 0.437365 0.032609 0.090479
0 0.685102 0.455333 0.032328 0.119042
0 0.731734 0.434198 0.039750 0.086146
0 0.871352 0.457302 0.043828 0.119104
0 0.834273 0.447573 0.030016 0.109063
0 0.722266 0.518250 0.105219 0.105208
0 0.372742 0.479302 0.041859 0.126479
0 0.403062 0.432938 0.023813 0.043333
0 0.273258 0.529698 0.030578 0.074354
0 0.473555 0.465292 0.037328 0.117167
0 0.606477 0.445531 0.019953 0.075563
0 0.783906 0.465844 0.032406 0.112146
0 0.587500 0.456250 0.821875 0.708333