0 0.852516 0.735479 0.084812 0.274167
0 0.900852 0.712302 0.065078 0.207687
0 0.768734 0.659260 0.030969 0.107771
0 0.782695 0.618417 0.016234 0.032083
0 0.613500 0.673906 0.068000 0.126479
0 0.585852 0.651615 0.020734 0.091521
0 0.531086 0.658500 0.018172 0.092542
0 0.020320 0.731938 0.040172 0.304042
0 0.729406 0.777500 0.126156 0.337625
0 0.989891 0.680854 0.020219 0.180250
0 0.677273 0.680052 0.026297 0.128312
0 0.286664 0.466427 0.007016 0.045479
0 0.807602 0.700271 0.034016 0.167750
0 0.788281 0.796875 0.326562 0.381250