0 0.399375 0.489417 0.085344 0.190375
0 0.391508 0.652771 0.103641 0.234917
0 0.495359 0.540771 0.072844 0.309625
0 0.151898 0.524177 0.062266 0.089438
0 0.301305 0.475156 0.062359 0.122271
0 0.641422 0.539094 0.065938 0.222646
0 0.269867 0.463156 0.024766 0.094771
0 0.650680 0.782177 0.154078 0.274771
0 0.964609 0.452146 0.033344 0.051292
0 0.552797 0.490062 0.040813 0.154083
0 0.836672 0.757198 0.207437 0.277729
0 0.798625 0.667188 0.094000 0.144083
0 0.772313 0.628927 0.057750 0.089312
0 0.515625 0.597917 0.881250 0.420833