0 0.822961 0.678653 0.113516 0.435969
0 0.951281 0.595702 0.047094 0.178976
0 0.906453 0.603441 0.057188 0.180468
0 0.388211 0.524577 0.034078 0.047728
0 0.097609 0.584521 0.020188 0.085969
0 0.072687 0.586915 0.018688 0.077572
0 0.984758 0.575156 0.018078 0.109465
0 0.056766 0.581459 0.014594 0.073875
0 0.114086 0.569744 0.014922 0.055880
0 0.885711 0.586927 0.018172 0.145880
0 0.080187 0.556492 0.014906 0.028976
0 0.045625 0.560969 0.013125 0.044521
0 0.155039 0.578408 0.013047 0.069777
0 0.902344 0.652561 0.035937 0.071269