0 0.395477 0.752812 0.093797 0.260693
0 0.270414 0.449515 0.095234 0.275208
0 0.325766 0.301690 0.101406 0.188753
0 0.493734 0.408186 0.102844 0.259363
0 0.436453 0.079737 0.067875 0.159474
0 0.276328 0.111704 0.059625 0.102133
0 0.818008 0.186731 0.093797 0.308920
0 0.202906 0.381648 0.060125 0.188560
0 0.479133 0.660679 0.116609 0.233712
0 0.689328 0.734363 0.068687 0.273657
0 0.585070 0.261233 0.108703 0.287729
0 0.267383 0.806496 0.115734 0.251939
0 0.384750 0.543657 0.098406 0.230970
0 0.499219 0.498615 0.998437 0.997230