0 0.437445 0.680551 0.149703 0.263744
0 0.552156 0.489141 0.110281 0.216432
0 0.602977 0.524383 0.072703 0.117004
0 0.649922 0.491707 0.081500 0.173326
0 0.302320 0.315286 0.055516 0.162379
0 0.231789 0.335231 0.040672 0.078656
0 0.167773 0.375859 0.040297 0.071894
0 0.090555 0.414570 0.033703 0.074207
0 0.739203 0.236123 0.055719 0.063128
0 0.750719 0.281905 0.052531 0.066542
0 0.472438 0.432489 0.033313 0.044009
0 0.112977 0.323381 0.045234 0.061300
0 0.209422 0.397963 0.050656 0.125000
0 0.499219 0.240088 0.998437 0.480176