0 0.225440 0.732693 0.136840 0.522400
0 0.598760 0.581973 0.019440 0.094133
0 0.506940 0.622253 0.054200 0.226693
0 0.546510 0.622480 0.085180 0.290880
0 0.815650 0.564893 0.036780 0.103920
0 0.860340 0.580160 0.053160 0.183680
0 0.960490 0.607760 0.070540 0.332800
0 0.333970 0.628453 0.061020 0.179307
0 0.833940 0.556253 0.013200 0.067280
0 0.752610 0.528853 0.010260 0.037173
0 0.676390 0.570067 0.016980 0.073413
0 0.647630 0.527427 0.004460 0.026480
0 0.661150 0.534467 0.009300 0.034000
0 0.771000 0.534667 0.110000 0.072000