0 0.384250 0.313939 0.131625 0.320236
0 0.439125 0.447535 0.119719 0.266816
0 0.547117 0.833703 0.192047 0.305613
0 0.511227 0.333361 0.082047 0.232288
0 0.769383 0.702417 0.160766 0.406769
0 0.699945 0.122618 0.062234 0.244292
0 0.863906 0.360743 0.173375 0.413090
0 0.200383 0.834575 0.220828 0.301226
0 0.298758 0.613160 0.144547 0.378208
0 0.364289 0.139965 0.074078 0.221910
0 0.228945 0.255153 0.130609 0.507571
0 0.146336 0.236592 0.163578 0.473184
0 0.570484 0.160955 0.106906 0.228844
0 0.500000 0.441038 0.996875 0.877358