0 0.951141 0.815149 0.014781 0.054233
0 0.924562 0.837586 0.027094 0.090046
0 0.872555 0.824428 0.033828 0.061991
0 0.968867 0.831247 0.021703 0.096178
0 0.826688 0.807391 0.015156 0.039314
0 0.817539 0.810847 0.014078 0.033684
0 0.477719 0.825584 0.026312 0.090435
0 0.192602 0.802941 0.020141 0.062540
0 0.725438 0.761796 0.008156 0.014943
0 0.864016 0.802517 0.016313 0.032586
0 0.896945 0.804531 0.028609 0.043753
0 0.914750 0.808295 0.015406 0.037368
0 0.381727 0.813558 0.034734 0.106293
0 0.208594 0.799771 0.020313 0.061785