0 0.119266 0.734007 0.009781 0.052266
0 0.087094 0.714264 0.010375 0.051752
0 0.104141 0.715350 0.010094 0.055374
0 0.073180 0.696542 0.012953 0.050701
0 0.032836 0.695911 0.011578 0.055935
0 0.269234 0.597850 0.006781 0.028645
0 0.015031 0.690970 0.010594 0.055117
0 0.115813 0.706367 0.013469 0.022593
0 0.427836 0.630818 0.005953 0.025935
0 0.419711 0.620140 0.005891 0.015374
0 0.460102 0.635549 0.005203 0.021472
0 0.475000 0.634766 0.007687 0.023037
0 0.090438 0.681390 0.010906 0.014229
0 0.531250 0.614486 0.706250 0.070093