0 0.607734 0.566260 0.149656 0.291479
0 0.112414 0.808115 0.121047 0.353937
0 0.480500 0.719198 0.192219 0.292479
0 0.540414 0.747781 0.200953 0.376563
0 0.489867 0.103604 0.067578 0.119375
0 0.900336 0.593990 0.114797 0.352854
0 0.755852 0.392990 0.136453 0.299312
0 0.423258 0.457271 0.200922 0.295917
0 0.094828 0.241250 0.104438 0.336583
0 0.150695 0.146604 0.099391 0.276625
0 0.708711 0.746073 0.193828 0.287646
0 0.352359 0.069740 0.071188 0.101104
0 0.767703 0.250479 0.057063 0.126792
0 0.489063 0.190625 0.978125 0.381250