0 0.655105 0.532586 0.602904 0.588766
0 0.949098 0.497641 0.090328 0.116750
0 0.941077 0.411016 0.099485 0.076438
0 0.846265 0.422273 0.134262 0.113766
0 0.537307 0.421344 0.083091 0.075844
0 0.407927 0.419852 0.166581 0.070609
0 0.286464 0.540141 0.135644 0.105625
0 0.286300 0.604703 0.132881 0.104719
0 0.467342 0.624148 0.166768 0.066297
0 0.899157 0.514992 0.111569 0.127516
0 0.107178 0.604977 0.151311 0.100953
0 0.164520 0.550547 0.125293 0.098437
0 0.758115 0.196078 0.078946 0.079906
0 0.500000 0.335938 0.995316 0.671875