0 0.864062 0.682594 0.135219 0.101729
0 0.207969 0.769615 0.119406 0.171729
0 0.554516 0.547510 0.037187 0.054688
0 0.576375 0.511396 0.023750 0.100125
0 0.542641 0.518094 0.031688 0.095021
0 0.600414 0.550708 0.056484 0.072375
0 0.671914 0.548302 0.027047 0.042896
0 0.475578 0.527073 0.018250 0.071687
0 0.359594 0.498563 0.022094 0.041042
0 0.992891 0.574708 0.014219 0.036875
0 0.848375 0.537229 0.005844 0.012750
0 0.373297 0.518365 0.012562 0.018896
0 0.335984 0.510396 0.016188 0.028625
0 0.517188 0.661458 0.921875 0.377083