0 0.796142 0.866820 0.150597 0.204141
0 0.668302 0.382805 0.208128 0.217797
0 0.405463 0.197547 0.056070 0.118687
0 0.795525 0.119727 0.054383 0.106484
0 0.183385 0.712445 0.063025 0.078297
0 0.391852 0.654875 0.048601 0.052219
0 0.794681 0.611625 0.051091 0.106344
0 0.237140 0.634430 0.042675 0.097203
0 0.956831 0.601719 0.048436 0.128000
0 0.033313 0.638453 0.056667 0.111969
0 0.963241 0.097758 0.044383 0.110109
0 0.878076 0.105508 0.040391 0.093953
0 0.451502 0.346758 0.123128 0.319484
0 0.496914 0.357812 0.985597 0.684375