0 0.489850 0.610890 0.205465 0.469780
0 0.711411 0.223620 0.058859 0.060560
0 0.105105 0.226820 0.058318 0.033840
0 0.040150 0.296940 0.077177 0.071320
0 0.173724 0.410930 0.080120 0.043620
0 0.384655 0.343880 0.039640 0.032800
0 0.778574 0.399980 0.078889 0.062360
0 0.857793 0.396160 0.067297 0.060120
0 0.917387 0.948320 0.165225 0.103360
0 0.723168 0.352370 0.075586 0.045820
0 0.395435 0.113370 0.048529 0.054700
0 0.605045 0.398560 0.078378 0.069360
0 0.254520 0.498480 0.107538 0.108160
0 0.498498 0.499000 0.996997 0.998000