0 0.299617 0.606011 0.103797 0.352851
0 0.340242 0.399425 0.103641 0.243724
0 0.535414 0.406885 0.101766 0.255011
0 0.897242 0.457172 0.122828 0.372690
0 0.862930 0.818299 0.176391 0.344506
0 0.636992 0.811506 0.153266 0.368621
0 0.468539 0.614276 0.113984 0.394115
0 0.619352 0.543828 0.102328 0.283149
0 0.122477 0.770034 0.149016 0.416115
0 0.248969 0.832575 0.183281 0.307862
0 0.391430 0.828943 0.155047 0.331264
0 0.541461 0.814598 0.151203 0.325839
0 0.705578 0.585586 0.085031 0.323862
0 0.525781 0.519540 0.932813 0.951724