0 0.155720 0.679893 0.141200 0.639680
0 0.303180 0.477293 0.060840 0.196560
0 0.186180 0.421960 0.021120 0.102587
0 0.971090 0.415693 0.031860 0.097627
0 0.949400 0.419213 0.020640 0.081520
0 0.900530 0.417187 0.045860 0.073360
0 0.841160 0.403667 0.029480 0.082800
0 0.788570 0.408587 0.030740 0.057547
0 0.355700 0.405387 0.022360 0.068000
0 0.210550 0.400533 0.028100 0.057067
0 0.430220 0.398040 0.023080 0.056613
0 0.324340 0.399693 0.028240 0.035547
0 0.278530 0.440373 0.020780 0.125013
0 0.512000 0.412000 0.852000 0.098667