0 0.635836 0.814667 0.116641 0.347458
0 0.194289 0.611302 0.085766 0.363562
0 0.104000 0.622521 0.110750 0.407375
0 0.274750 0.627333 0.058062 0.270042
0 0.352758 0.608010 0.091172 0.310771
0 0.793273 0.586688 0.033078 0.126000
0 0.452266 0.529271 0.056906 0.096292
0 0.850758 0.573813 0.028641 0.117333
0 0.561609 0.590490 0.054344 0.206062
0 0.499219 0.601062 0.065812 0.224333
0 0.597523 0.529948 0.045016 0.087771
0 0.632891 0.539740 0.026719 0.065729
0 0.650734 0.521396 0.015094 0.045792
0 0.683594 0.605208 0.629687 0.339583