0 0.766125 0.797756 0.240469 0.404488
0 0.580016 0.245565 0.084375 0.159435
0 0.443445 0.181758 0.126984 0.228958
0 0.573359 0.818419 0.260344 0.330336
0 0.345805 0.835954 0.234516 0.305618
0 0.250445 0.323189 0.142453 0.209488
0 0.379961 0.338163 0.144922 0.222473
0 0.429586 0.285274 0.077078 0.158958
0 0.534930 0.260751 0.078828 0.093834
0 0.261445 0.680380 0.150703 0.576625
0 0.115266 0.675283 0.206687 0.626961
0 0.545594 0.589611 0.186656 0.414064
0 0.915750 0.824143 0.168500 0.330866
0 0.499219 0.474382 0.939063 0.931095