0 0.586938 0.684380 0.010469 0.041067
0 0.597687 0.677283 0.006344 0.035707
0 0.603898 0.679777 0.008516 0.040397
0 0.724617 0.678437 0.005266 0.027543
0 0.593258 0.682630 0.005828 0.036576
0 0.673711 0.684963 0.010422 0.018015
0 0.718867 0.678871 0.004641 0.025583
0 0.786016 0.685236 0.008625 0.013697
0 0.775445 0.686216 0.008203 0.016551
0 0.658883 0.678759 0.007672 0.027891
0 0.740891 0.676774 0.005687 0.009677
0 0.613641 0.681427 0.006219 0.017146
0 0.651430 0.678449 0.008547 0.028313
0 0.823438 0.698511 0.203125 0.071960