0 0.384859 0.754357 0.066625 0.111986
0 0.664531 0.727325 0.031906 0.096659
0 0.295258 0.684544 0.009797 0.046098
0 0.887484 0.733353 0.038656 0.100070
0 0.260437 0.686005 0.011750 0.042664
0 0.338570 0.683481 0.015109 0.056776
0 0.238500 0.682231 0.007531 0.045070
0 0.432500 0.677220 0.007875 0.029159
0 0.218148 0.679194 0.011828 0.043248
0 0.459086 0.675187 0.010172 0.037991
0 0.597031 0.683551 0.585594 0.046682
0 0.554359 0.671192 0.011562 0.041355
0 0.763844 0.658621 0.011500 0.046776
0 0.439063 0.675234 0.878125 0.098131