0 0.113526 0.479523 0.134786 0.226422
0 0.172585 0.568469 0.175299 0.310688
0 0.553098 0.721313 0.043333 0.096719
0 0.510994 0.728664 0.041432 0.080172
0 0.487350 0.726742 0.023419 0.077734
0 0.718803 0.738031 0.033504 0.091625
0 0.629979 0.404500 0.270427 0.175281
0 0.687329 0.706250 0.035427 0.061062
0 0.065075 0.449500 0.123056 0.358000
0 0.458771 0.722227 0.040107 0.093828
0 0.136250 0.456586 0.105705 0.090797
0 0.023526 0.261195 0.045470 0.049641
0 0.140395 0.343531 0.163397 0.144969
0 0.346154 0.742188 0.688034 0.512500