0 0.443187 0.483141 0.068406 0.211224
0 0.332133 0.111836 0.069203 0.176420
0 0.485750 0.123603 0.196125 0.206744
0 0.660469 0.076998 0.075031 0.105127
0 0.738891 0.744942 0.069937 0.069654
0 0.906133 0.152806 0.155078 0.260670
0 0.115547 0.483152 0.127719 0.197760
0 0.831336 0.487136 0.076172 0.208176
0 0.320039 0.774157 0.080578 0.173025
0 0.083867 0.751305 0.073672 0.134758
0 0.699367 0.515739 0.079047 0.267413
0 0.522961 0.791559 0.169609 0.213048
0 0.919703 0.764330 0.119813 0.166674
0 0.777344 0.481524 0.048438 0.214781