0 0.511859 0.227852 0.098656 0.154671
0 0.101719 0.690317 0.200437 0.591009
0 0.190523 0.658779 0.170203 0.605493
0 0.880680 0.656185 0.238641 0.687629
0 0.772242 0.620469 0.124703 0.372958
0 0.665773 0.455505 0.095516 0.266268
0 0.331648 0.437453 0.076828 0.246502
0 0.379195 0.296068 0.069484 0.223826
0 0.655938 0.308862 0.124656 0.318756
0 0.607672 0.288615 0.057656 0.215915
0 0.395641 0.395505 0.079281 0.220211
0 0.396219 0.175528 0.085281 0.203451
0 0.292289 0.476549 0.146578 0.471502
0 0.637500 0.342723 0.450000 0.572770