0 0.593484 0.550200 0.196000 0.384812
0 0.726797 0.583908 0.164563 0.386268
0 0.879609 0.457688 0.139406 0.247347
0 0.285461 0.334507 0.025984 0.096620
0 0.259461 0.354354 0.034141 0.044014
0 0.417063 0.362899 0.023469 0.048192
0 0.225094 0.251291 0.028156 0.068216
0 0.413187 0.317242 0.030500 0.069695
0 0.446758 0.316303 0.029516 0.077629
0 0.893375 0.482007 0.156094 0.347723
0 0.429898 0.361854 0.019578 0.046197
0 0.323641 0.335387 0.023594 0.096127
0 0.356578 0.324495 0.018500 0.076408
0 0.513281 0.295775 0.960938 0.192488