0 0.281875 0.716854 0.153750 0.543820
0 0.576898 0.695365 0.186234 0.342303
0 0.847445 0.737233 0.186953 0.470534
0 0.955898 0.671166 0.085203 0.635140
0 0.149203 0.614185 0.119781 0.368652
0 0.788789 0.875983 0.179547 0.248034
0 0.183891 0.195871 0.108625 0.301180
0 0.421602 0.167725 0.118516 0.203315
0 0.363828 0.318469 0.227562 0.226433
0 0.217500 0.287317 0.070031 0.221152
0 0.472469 0.829621 0.159312 0.316039
0 0.065016 0.655843 0.127156 0.522079
0 0.093992 0.483118 0.117359 0.269719
0 0.451562 0.498596 0.900000 0.997191