0 0.485766 0.817213 0.016969 0.061452
0 0.394344 0.816593 0.011500 0.062787
0 0.376195 0.817541 0.010203 0.057611
0 0.647664 0.859567 0.065453 0.240164
0 0.709422 0.801311 0.015875 0.028478
0 0.240508 0.811159 0.011359 0.045082
0 0.293758 0.816546 0.013641 0.035340
0 0.205289 0.820855 0.013703 0.081101
0 0.147305 0.826382 0.026422 0.077916
0 0.402148 0.815738 0.012047 0.060609
0 0.221992 0.824145 0.030891 0.075363
0 0.694359 0.815550 0.009219 0.045527
0 0.439844 0.818337 0.011813 0.064965
0 0.439063 0.826698 0.812500 0.093677