0 0.397055 0.505531 0.330922 0.442979
0 0.565102 0.491802 0.214672 0.627688
0 0.277203 0.260448 0.031688 0.085979
0 0.183875 0.339521 0.056188 0.157375
0 0.077672 0.273250 0.072688 0.108500
0 0.305063 0.330667 0.062125 0.157375
0 0.411852 0.311740 0.035609 0.091854
0 0.256406 0.338396 0.050094 0.162583
0 0.137937 0.290458 0.056000 0.136125
0 0.127766 0.347427 0.045250 0.156188
0 0.395359 0.318125 0.026969 0.102417
0 0.334406 0.244344 0.021688 0.064354
0 0.319961 0.259094 0.034047 0.084812
0 0.217969 0.322917 0.351562 0.237500