0 0.843062 0.556639 0.088844 0.266347
0 0.858617 0.405023 0.041578 0.088267
0 0.722492 0.389766 0.017703 0.075644
0 0.750359 0.364368 0.025156 0.034075
0 0.634031 0.326956 0.014625 0.024684
0 0.244984 0.347963 0.008625 0.019906
0 0.356922 0.378290 0.013875 0.056159
0 0.961898 0.319040 0.022391 0.057939
0 0.741719 0.255562 0.017500 0.029766
0 0.764398 0.239719 0.018297 0.036534
0 0.463539 0.162763 0.008453 0.025012
0 0.443109 0.165105 0.009750 0.029836
0 0.265594 0.163244 0.008281 0.027190
0 0.500000 0.218970 0.996875 0.437939