0 0.253289 0.831687 0.061203 0.153667
0 0.906531 0.825479 0.055250 0.227667
0 0.872430 0.797615 0.017016 0.069937
0 0.600023 0.855104 0.029141 0.066625
0 0.689766 0.803438 0.045437 0.141375
0 0.416766 0.809927 0.008313 0.037896
0 0.539727 0.790260 0.010109 0.038771
0 0.372039 0.843021 0.053641 0.093833
0 0.179227 0.874719 0.030359 0.072313
0 0.750312 0.894198 0.052187 0.163854
0 0.649461 0.845698 0.042234 0.093604
0 0.957102 0.842750 0.044328 0.197750
0 0.197281 0.824698 0.011500 0.040063
0 0.396094 0.845833 0.770312 0.150000