0 0.851766 0.876729 0.073313 0.246542
0 0.800867 0.895344 0.048297 0.202146
0 0.748523 0.885229 0.083859 0.229542
0 0.673547 0.859469 0.083187 0.281062
0 0.503078 0.865073 0.089063 0.123479
0 0.444633 0.840260 0.073828 0.257271
0 0.368953 0.831500 0.065625 0.298083
0 0.062828 0.821063 0.039062 0.136667
0 0.072477 0.785375 0.041234 0.157167
0 0.287727 0.833427 0.093172 0.083646
0 0.166070 0.822542 0.042453 0.093583
0 0.111367 0.794646 0.037578 0.069000
0 0.244789 0.799729 0.051172 0.100417
0 0.499219 0.665625 0.985938 0.552083