0 0.348602 0.501396 0.055359 0.176417
0 0.744523 0.384771 0.068359 0.108458
0 0.775086 0.164646 0.030453 0.062875
0 0.725594 0.130448 0.024500 0.055229
0 0.896047 0.977531 0.033781 0.044937
0 0.143453 0.534188 0.061469 0.152292
0 0.414680 0.204813 0.024047 0.042875
0 0.052055 0.726552 0.043516 0.115271
0 0.376633 0.203396 0.033016 0.046792
0 0.382687 0.126010 0.024906 0.063021
0 0.404203 0.121135 0.025219 0.053646
0 0.885750 0.925833 0.040875 0.057292
0 0.318883 0.128479 0.027578 0.057958
0 0.495312 0.463542 0.987500 0.927083