0 0.661594 0.820135 0.072594 0.286479
0 0.943164 0.841073 0.108422 0.317688
0 0.175328 0.687740 0.026188 0.053646
0 0.252875 0.751115 0.084594 0.171479
0 0.266539 0.675115 0.015672 0.027729
0 0.299953 0.672885 0.013813 0.038604
0 0.460797 0.683052 0.012438 0.050271
0 0.336250 0.674573 0.013062 0.040771
0 0.317031 0.677615 0.021719 0.050271
0 0.112969 0.651448 0.008469 0.034813
0 0.098727 0.653438 0.010266 0.041958
0 0.068203 0.674375 0.032469 0.064958
0 0.131938 0.652583 0.011500 0.041750
0 0.492969 0.636458 0.985938 0.222917