0 0.200102 0.372282 0.146703 0.385849
0 0.379688 0.338291 0.057813 0.148096
0 0.719523 0.308991 0.097984 0.177523
0 0.834820 0.355011 0.074641 0.170986
0 0.297922 0.295229 0.063844 0.156193
0 0.466258 0.306697 0.082266 0.142294
0 0.545102 0.313658 0.089516 0.217821
0 0.634453 0.298165 0.077031 0.151789
0 0.784883 0.485791 0.077547 0.295757
0 0.240703 0.266422 0.055406 0.120688
0 0.052641 0.323280 0.105281 0.163486
0 0.043633 0.504048 0.081297 0.317546
0 0.072328 0.273945 0.071281 0.141927
0 0.500000 0.443807 0.996875 0.561927