0 0.836813 0.536406 0.037344 0.118521
0 0.818047 0.547177 0.013844 0.070896
0 0.976094 0.538229 0.026781 0.109625
0 0.871039 0.540635 0.034203 0.134271
0 0.990203 0.536740 0.019594 0.098979
0 0.748250 0.514760 0.010719 0.032771
0 0.760836 0.515292 0.012016 0.032333
0 0.776078 0.516010 0.010969 0.036229
0 0.795188 0.513615 0.006156 0.027563
0 0.806508 0.531552 0.011703 0.061813
0 0.955172 0.509667 0.017031 0.036167
0 0.687125 0.506469 0.005844 0.025021
0 0.636133 0.505458 0.007734 0.029458
0 0.661719 0.487500 0.151562 0.120833