0 0.586734 0.677389 0.210062 0.643396
0 0.232391 0.559543 0.173906 0.755059
0 0.158992 0.402857 0.067047 0.345386
0 0.045828 0.700445 0.091656 0.578829
0 0.078008 0.555480 0.156016 0.722763
0 0.456594 0.365199 0.054750 0.136066
0 0.519258 0.342026 0.041766 0.072389
0 0.624031 0.386991 0.069531 0.162178
0 0.972289 0.362646 0.039734 0.093583
0 0.759734 0.418888 0.074563 0.072201
0 0.658578 0.371206 0.020813 0.062365
0 0.317312 0.557365 0.114312 0.569204
0 0.812750 0.371101 0.054813 0.167822
0 0.540625 0.337237 0.859375 0.281030