0 0.863000 0.456670 0.070438 0.163423
0 0.336695 0.421556 0.021953 0.085353
0 0.361102 0.412490 0.017734 0.032822
0 0.973180 0.406701 0.012703 0.043568
0 0.406953 0.408537 0.006500 0.022137
0 0.770766 0.403185 0.008438 0.032759
0 0.396039 0.406369 0.005453 0.017884
0 0.785289 0.397832 0.010578 0.030892
0 0.918453 0.389336 0.010187 0.019461
0 0.925531 0.396297 0.008344 0.022137
0 0.946781 0.407801 0.011656 0.030954
0 0.445867 0.405156 0.014672 0.016826
0 0.806781 0.406079 0.008094 0.027842
0 0.881250 0.399378 0.234375 0.076763