0 0.455836 0.794377 0.122359 0.388754
0 0.551781 0.751121 0.048250 0.165943
0 0.690320 0.616263 0.020266 0.152028
0 0.193250 0.555018 0.004625 0.029181
0 0.838016 0.560943 0.013437 0.088149
0 0.878805 0.751833 0.052109 0.297402
0 0.370898 0.631370 0.021453 0.137260
0 0.331273 0.668327 0.039922 0.238007
0 0.605773 0.792491 0.057797 0.179644
0 0.983906 0.680979 0.032188 0.108221
0 0.812516 0.634840 0.018750 0.146050
0 0.995016 0.874021 0.009969 0.251957
0 0.552891 0.619733 0.021344 0.098612
0 0.524219 0.592527 0.782813 0.238434