0 0.572187 0.555812 0.123031 0.532583
0 0.252695 0.413729 0.063453 0.119708
0 0.076687 0.642698 0.153375 0.687646
0 0.764367 0.386031 0.093109 0.157812
0 0.936688 0.399458 0.059094 0.191833
0 0.667078 0.466792 0.077312 0.283625
0 0.850984 0.395427 0.047969 0.165188
0 0.454102 0.374302 0.024953 0.060646
0 0.696766 0.457448 0.046406 0.279562
0 0.235531 0.618469 0.160719 0.487687
0 0.336039 0.558448 0.107141 0.405188
0 0.880695 0.333302 0.039172 0.065771
0 0.524453 0.441573 0.036687 0.292104
0 0.583594 0.338542 0.432812 0.085417