0 0.039383 0.485998 0.078766 0.491009
0 0.128883 0.317641 0.198141 0.511291
0 0.223680 0.304789 0.064328 0.356056
0 0.287687 0.304073 0.052281 0.199836
0 0.350461 0.309683 0.085109 0.158474
0 0.437477 0.287817 0.071047 0.197183
0 0.503562 0.307570 0.055125 0.167300
0 0.708625 0.314026 0.085750 0.280634
0 0.768633 0.330153 0.069922 0.326080
0 0.856266 0.397981 0.080250 0.431549
0 0.937828 0.451831 0.118281 0.388404
0 0.921719 0.257864 0.052562 0.147934
0 0.885219 0.196174 0.081063 0.121784
0 0.528906 0.353286 0.764062 0.443662