0 0.051617 0.693885 0.102703 0.324729
0 0.956148 0.707396 0.087703 0.261583
0 0.399438 0.666292 0.057313 0.173042
0 0.517938 0.760000 0.093531 0.447042
0 0.215648 0.685979 0.044516 0.206500
0 0.612430 0.642344 0.060922 0.164979
0 0.687914 0.680802 0.057266 0.265146
0 0.568219 0.662198 0.035687 0.178646
0 0.481766 0.719073 0.072938 0.381563
0 0.373688 0.654031 0.029937 0.168646
0 0.316312 0.641208 0.070187 0.182000
0 0.019797 0.656052 0.039594 0.286146
0 0.164336 0.683583 0.105391 0.430125
0 0.307031 0.648958 0.145313 0.202083