0 0.345422 0.474594 0.211000 0.493604
0 0.520711 0.315479 0.067141 0.087875
0 0.579820 0.308292 0.063672 0.099250
0 0.651383 0.304563 0.060391 0.110750
0 0.864320 0.279292 0.066453 0.098958
0 0.888992 0.176198 0.053016 0.096604
0 0.793758 0.303135 0.072547 0.126479
0 0.168695 0.363448 0.069828 0.349771
0 0.634602 0.267823 0.042109 0.083896
0 0.677281 0.235490 0.055063 0.108104
0 0.732242 0.266833 0.069328 0.094792
0 0.835750 0.200292 0.045000 0.108417
0 0.295445 0.245729 0.077109 0.174375
0 0.499219 0.280208 0.998437 0.560417