0 0.522625 0.728970 0.093906 0.205293
0 0.564305 0.378841 0.029891 0.125129
0 0.860883 0.492424 0.065703 0.146628
0 0.736023 0.277717 0.035359 0.072904
0 0.609227 0.392927 0.026922 0.101967
0 0.217398 0.698197 0.086953 0.193255
0 0.709242 0.199731 0.021016 0.032389
0 0.043945 0.397506 0.028109 0.091077
0 0.621172 0.457260 0.044438 0.157096
0 0.671250 0.194145 0.021469 0.044262
0 0.139391 0.431663 0.037187 0.091944
0 0.502094 0.188326 0.030656 0.051874
0 0.783352 0.155293 0.019922 0.032787
0 0.500000 0.305621 0.996875 0.611241