0 0.288625 0.625052 0.046281 0.093979
0 0.879336 0.647656 0.032297 0.109687
0 0.861430 0.691573 0.034703 0.072646
0 0.744086 0.620500 0.025328 0.072083
0 0.455047 0.473990 0.033719 0.046354
0 0.777516 0.409833 0.030937 0.076375
0 0.109688 0.447719 0.030969 0.061521
0 0.185148 0.272250 0.028484 0.059875
0 0.718258 0.625562 0.024891 0.042542
0 0.799945 0.655698 0.024016 0.051438
0 0.771953 0.188604 0.018594 0.050792
0 0.936820 0.436688 0.037141 0.078208
0 0.829938 0.647042 0.033844 0.087667
0 0.507812 0.407292 0.937500 0.718750