0 0.548030 0.472945 0.262154 0.557766
0 0.162811 0.181688 0.131821 0.150750
0 0.478888 0.117383 0.086462 0.145172
0 0.736690 0.086203 0.087145 0.172406
0 0.861200 0.242922 0.089440 0.076812
0 0.759475 0.229102 0.106095 0.097234
0 0.649956 0.218844 0.104151 0.107594
0 0.552583 0.191758 0.100193 0.128703
0 0.460972 0.181852 0.113222 0.137703
0 0.351016 0.186898 0.109282 0.161359
0 0.045412 0.175719 0.090823 0.125406
0 0.559886 0.124844 0.094623 0.162469
0 0.248450 0.189961 0.103065 0.154547
0 0.564799 0.134375 0.723292 0.268750