0 0.215391 0.760129 0.310281 0.459463
0 0.378711 0.721787 0.174328 0.519089
0 0.046781 0.503107 0.088500 0.207850
0 0.489781 0.523014 0.093063 0.403785
0 0.545156 0.527430 0.054875 0.260187
0 0.715727 0.531659 0.051672 0.263832
0 0.669703 0.604836 0.042812 0.195327
0 0.106695 0.607185 0.105203 0.285397
0 0.408812 0.584334 0.114156 0.431051
0 0.624445 0.494626 0.076453 0.377196
0 0.569859 0.468131 0.041094 0.230000
0 0.947133 0.474112 0.094891 0.268505
0 0.837445 0.515759 0.040016 0.143575
0 0.495312 0.490654 0.987500 0.364486