0 0.862757 0.811063 0.152710 0.237594
0 0.143119 0.199023 0.084930 0.116797
0 0.525561 0.250047 0.087430 0.062281
0 0.204603 0.514648 0.077243 0.074172
0 0.498446 0.520281 0.094743 0.064281
0 0.421145 0.472047 0.034112 0.036437
0 0.405023 0.519945 0.071075 0.071578
0 0.659650 0.244906 0.054112 0.042406
0 0.337290 0.750563 0.192336 0.194531
0 0.319778 0.521297 0.062126 0.065219
0 0.552967 0.481695 0.062196 0.067484
0 0.661332 0.458203 0.067617 0.040656
0 0.752056 0.279375 0.066916 0.031250
0 0.498832 0.357812 0.997664 0.715625