0 0.195391 0.578053 0.057063 0.140622
0 0.310297 0.754482 0.061594 0.283018
0 0.620945 0.747477 0.071641 0.149654
0 0.417227 0.694873 0.067047 0.214585
0 0.923422 0.706820 0.065625 0.108433
0 0.963453 0.677465 0.034187 0.080138
0 0.673414 0.861624 0.084172 0.225691
0 0.544055 0.776866 0.102547 0.146774
0 0.645789 0.625910 0.038016 0.081774
0 0.568984 0.884735 0.100281 0.181682
0 0.825695 0.759793 0.065078 0.139862
0 0.850141 0.693687 0.048375 0.080691
0 0.383859 0.766555 0.064625 0.269332
0 0.543750 0.695853 0.821875 0.377880