0 0.471859 0.840375 0.090438 0.285386
0 0.806625 0.851686 0.062969 0.269649
0 0.866508 0.582424 0.028609 0.116745
0 0.946383 0.527155 0.024297 0.096979
0 0.794273 0.648044 0.034359 0.182225
0 0.837883 0.596054 0.027953 0.165972
0 0.518141 0.665902 0.053750 0.198454
0 0.920961 0.519836 0.029516 0.110117
0 0.582336 0.551874 0.025453 0.108009
0 0.972625 0.503934 0.021313 0.079625
0 0.765437 0.953056 0.052781 0.093888
0 0.806992 0.750644 0.063703 0.145457
0 0.884188 0.553852 0.013000 0.073044
0 0.939844 0.503513 0.117188 0.168618