0 0.139509 0.208836 0.054810 0.113453
0 0.150063 0.227422 0.040823 0.078625
0 0.091147 0.337797 0.079066 0.105187
0 0.213647 0.340398 0.076978 0.081953
0 0.509747 0.435305 0.076266 0.123234
0 0.416013 0.382000 0.068734 0.091000
0 0.398877 0.351352 0.063956 0.099641
0 0.376891 0.306945 0.071946 0.107172
0 0.366179 0.263523 0.064984 0.087984
0 0.430206 0.541289 0.082405 0.093141
0 0.447255 0.447187 0.066503 0.132906
0 0.167611 0.429992 0.080253 0.077891
0 0.552880 0.551719 0.439525 0.752375
0 0.499209 0.296875 0.998418 0.593750