0 0.326039 0.756373 0.071891 0.301009
0 0.368555 0.739284 0.036766 0.200822
0 0.250969 0.706984 0.042906 0.143592
0 0.178703 0.721408 0.055719 0.225023
0 0.113344 0.742934 0.091156 0.203005
0 0.988359 0.704202 0.023281 0.121690
0 0.962461 0.711397 0.024484 0.113404
0 0.940211 0.705739 0.018266 0.113498
0 0.453875 0.698239 0.019344 0.121268
0 0.291641 0.735188 0.033656 0.189108
0 0.226242 0.704577 0.038516 0.155869
0 0.135891 0.651761 0.013250 0.033192
0 0.147836 0.683263 0.017359 0.132864
0 0.401562 0.683099 0.468750 0.183099