0 0.470258 0.309000 0.168828 0.286500
0 0.643117 0.388927 0.208172 0.451229
0 0.805625 0.622469 0.350562 0.755062
0 0.517406 0.124802 0.135531 0.171021
0 0.295930 0.127052 0.097953 0.226229
0 0.383891 0.130146 0.093437 0.243708
0 0.190305 0.579490 0.320328 0.687646
0 0.347711 0.057073 0.056484 0.097813
0 0.481992 0.085625 0.065391 0.111208
0 0.473438 0.023927 0.009344 0.032396
0 0.616055 0.027490 0.007047 0.029771
0 0.244477 0.082667 0.055828 0.133208
0 0.920359 0.031062 0.009156 0.020792
0 0.514844 0.025000 0.020313 0.016667