0 0.407553 0.749437 0.397447 0.478656
0 0.090105 0.685867 0.066112 0.048609
0 0.730656 0.737688 0.176674 0.160219
0 0.855492 0.743133 0.116089 0.158766
0 0.691358 0.591609 0.054192 0.049281
0 0.202881 0.757508 0.157658 0.176172
0 0.175199 0.539750 0.106276 0.077969
0 0.633372 0.465320 0.055410 0.048078
0 0.784731 0.331602 0.075597 0.047047
0 0.023255 0.684281 0.046511 0.056125
0 0.734543 0.490203 0.103607 0.062656
0 0.575457 0.621859 0.081499 0.069781
0 0.333115 0.541703 0.064543 0.051406
0 0.498829 0.401562 0.997658 0.671875