0 0.023812 0.870199 0.042312 0.171967
0 0.209898 0.871569 0.035547 0.148712
0 0.047203 0.858454 0.026344 0.173162
0 0.847602 0.827155 0.008953 0.034637
0 0.889102 0.824005 0.011109 0.031382
0 0.897969 0.827283 0.009719 0.017611
0 0.930281 0.819953 0.009656 0.040234
0 0.709789 0.813829 0.012797 0.017213
0 0.677937 0.832436 0.008406 0.028197
0 0.879492 0.813970 0.008359 0.029766
0 0.727711 0.828548 0.007109 0.033724
0 0.640836 0.831639 0.009859 0.036253
0 0.948469 0.827096 0.007594 0.013958
0 0.499219 0.588993 0.998437 0.559719