0 0.569559 0.465102 0.519726 0.677609
0 0.756185 0.358906 0.155532 0.110813
0 0.189650 0.330031 0.178815 0.095875
0 0.050365 0.330406 0.100365 0.100063
0 0.719574 0.074078 0.199818 0.116500
0 0.113511 0.153820 0.227021 0.125703
0 0.344909 0.078469 0.154073 0.155719
0 0.468328 0.051578 0.125532 0.091000
0 0.695456 0.237852 0.128055 0.099672
0 0.571733 0.045609 0.151611 0.089594
0 0.943040 0.357172 0.113921 0.111937
0 0.286657 0.326070 0.097933 0.111328
0 0.856018 0.320242 0.087112 0.076047
0 0.826748 0.226562 0.340426 0.296875