0 0.051102 0.639322 0.090172 0.177523
0 0.163398 0.339661 0.046078 0.153575
0 0.902367 0.239498 0.028359 0.082874
0 0.880992 0.241893 0.025891 0.059813
0 0.853445 0.237815 0.041297 0.071846
0 0.820133 0.206554 0.039109 0.055257
0 0.715734 0.213446 0.032719 0.065537
0 0.771367 0.254813 0.033984 0.076495
0 0.823984 0.247220 0.026344 0.044393
0 0.994109 0.267196 0.011781 0.048832
0 0.786523 0.208306 0.021266 0.061752
0 0.815875 0.310993 0.030625 0.042313
0 0.804148 0.622044 0.101234 0.271238
0 0.500000 0.337617 0.996875 0.675234