0 0.357289 0.266089 0.121766 0.258735
0 0.486992 0.275855 0.106047 0.267354
0 0.638633 0.240012 0.045734 0.097166
0 0.328695 0.225902 0.042047 0.126276
0 0.561070 0.239813 0.058797 0.161733
0 0.668734 0.194895 0.027844 0.072412
0 0.547773 0.159778 0.060047 0.138899
0 0.286398 0.220843 0.051547 0.103560
0 0.471039 0.226710 0.044953 0.103770
0 0.432227 0.284403 0.066891 0.236815
0 0.693937 0.223396 0.042594 0.127681
0 0.126594 0.185632 0.037719 0.120398
0 0.971320 0.192213 0.036391 0.077916
0 0.556250 0.252927 0.803125 0.332553