0 0.547367 0.380385 0.123703 0.555729
0 0.272648 0.556146 0.414422 0.861292
0 0.872734 0.156365 0.006531 0.021479
0 0.889617 0.168917 0.014359 0.057458
0 0.839469 0.154635 0.012219 0.032021
0 0.912641 0.165688 0.009594 0.045125
0 0.985016 0.170104 0.011469 0.050542
0 0.932477 0.162937 0.016953 0.035833
0 0.983195 0.421906 0.031922 0.471813
0 0.903039 0.165417 0.010078 0.050292
0 0.866703 0.147396 0.010562 0.017792
0 0.852031 0.151781 0.013344 0.027187
0 0.945453 0.157927 0.011000 0.014521
0 0.898438 0.135417 0.053125 0.062500