0 0.493273 0.675281 0.167922 0.591030
0 0.855242 0.697272 0.114172 0.605457
0 0.664945 0.740714 0.153734 0.496651
0 0.693320 0.203806 0.065016 0.140679
0 0.512766 0.226967 0.062969 0.112342
0 0.431172 0.190550 0.116250 0.155527
0 0.308266 0.186382 0.075594 0.156464
0 0.238898 0.215550 0.066859 0.101874
0 0.559586 0.230293 0.069828 0.104660
0 0.967844 0.153665 0.064312 0.120164
0 0.942703 0.529274 0.081375 0.199344
0 0.128477 0.216159 0.073172 0.089133
0 0.878828 0.133724 0.098406 0.143044
0 0.500000 0.314988 0.996875 0.625293