0 0.716219 0.395271 0.054062 0.076583
0 0.396781 0.498802 0.137187 0.357437
0 0.643586 0.302927 0.047297 0.081062
0 0.210000 0.370385 0.044594 0.088688
0 0.511477 0.498094 0.102703 0.355646
0 0.809422 0.392031 0.041875 0.058271
0 0.601859 0.260958 0.051219 0.084333
0 0.082289 0.371510 0.040516 0.078396
0 0.735992 0.140271 0.044609 0.075083
0 0.598875 0.061990 0.031156 0.063938
0 0.674492 0.196260 0.037359 0.065562
0 0.257016 0.374510 0.046656 0.092437
0 0.716734 0.179437 0.046719 0.048208
0 0.499219 0.364583 0.998437 0.729167