0 0.783969 0.686750 0.075750 0.228625
0 0.465102 0.591010 0.067766 0.138187
0 0.593430 0.456052 0.021516 0.022313
0 0.323859 0.589333 0.039375 0.141042
0 0.361555 0.613125 0.046766 0.091458
0 0.329070 0.521854 0.030922 0.036708
0 0.674820 0.564646 0.037703 0.059333
0 0.624555 0.504656 0.025359 0.044229
0 0.428203 0.469240 0.024969 0.032521
0 0.710313 0.450000 0.022562 0.017583
0 0.565031 0.386844 0.023312 0.032396
0 0.497602 0.460427 0.017984 0.020979
0 0.728648 0.560552 0.030391 0.061604
0 0.499219 0.338542 0.998437 0.543750