0 0.399906 0.327817 0.306156 0.457895
0 0.517172 0.259542 0.188312 0.296121
0 0.093391 0.252115 0.065438 0.250351
0 0.178242 0.158889 0.095703 0.132827
0 0.762375 0.145614 0.036250 0.071189
0 0.736984 0.209347 0.042594 0.165127
0 0.525563 0.160468 0.049719 0.043704
0 0.580445 0.168567 0.064766 0.092339
0 0.817852 0.143080 0.031891 0.079181
0 0.196906 0.255409 0.079156 0.222203
0 0.258523 0.240468 0.059328 0.235828
0 0.071133 0.155858 0.055734 0.112846
0 0.846305 0.250546 0.064047 0.240741
0 0.499219 0.157895 0.998437 0.171540