0 0.831773 0.716704 0.336453 0.566592
0 0.666391 0.341125 0.038875 0.098196
0 0.738586 0.343864 0.027297 0.097261
0 0.951187 0.342238 0.025969 0.121225
0 0.251797 0.335768 0.107688 0.279911
0 0.825875 0.282416 0.016656 0.026971
0 0.768328 0.286526 0.015688 0.019510
0 0.788469 0.285100 0.010687 0.023474
0 0.817812 0.203675 0.011219 0.041381
0 0.940656 0.127472 0.008125 0.021314
0 0.147859 0.328575 0.016750 0.056793
0 0.124367 0.324666 0.016453 0.065189
0 0.135664 0.327572 0.014859 0.058575
0 0.542969 0.195991 0.910937 0.342984