0 0.650736 0.910055 0.027687 0.058203
0 0.434614 0.888758 0.006192 0.010703
0 0.560678 0.888531 0.021822 0.023500
0 0.251495 0.910281 0.041542 0.082187
0 0.280117 0.877617 0.015234 0.014953
0 0.296355 0.875437 0.014673 0.018406
0 0.348867 0.877617 0.012734 0.021297
0 0.374369 0.879789 0.015280 0.028484
0 0.407675 0.882164 0.013294 0.021297
0 0.456437 0.884383 0.013575 0.032422
0 0.527255 0.890078 0.021612 0.021031
0 0.183680 0.899297 0.052780 0.080844
0 0.739521 0.895789 0.012313 0.027422
0 0.498832 0.885938 0.997664 0.109375