0 0.549383 0.326187 0.252266 0.383750
0 0.409398 0.234000 0.177859 0.261750
0 0.638813 0.287948 0.113062 0.319354
0 0.860773 0.213708 0.057391 0.120208
0 0.250281 0.314604 0.332031 0.624708
0 0.954938 0.188875 0.063187 0.105667
0 0.978852 0.159000 0.042297 0.151667
0 0.880953 0.511344 0.238094 0.319729
0 0.805133 0.183865 0.090047 0.109146
0 0.340453 0.226969 0.121344 0.143813
0 0.948594 0.228083 0.088250 0.119667
0 0.877984 0.145927 0.027719 0.033688
0 0.772695 0.163000 0.064422 0.120083
0 0.377344 0.183333 0.045312 0.108333