0 0.785450 0.749320 0.182420 0.430600
0 0.122600 0.579690 0.014200 0.037420
0 0.860150 0.602840 0.017540 0.038440
0 0.241590 0.581150 0.017380 0.035420
0 0.219150 0.582590 0.010660 0.032580
0 0.649970 0.593230 0.023900 0.054060
0 0.874190 0.594660 0.015060 0.044720
0 0.471550 0.584180 0.007620 0.023640
0 0.747140 0.587100 0.020160 0.042040
0 0.519440 0.583480 0.011400 0.030960
0 0.958120 0.599330 0.021680 0.040940
0 0.394020 0.585900 0.011680 0.026200
0 0.702680 0.589350 0.035800 0.045620
0 0.164000 0.579000 0.020000 0.030000