0 0.514883 0.669656 0.214047 0.611229
0 0.054469 0.676167 0.107156 0.647667
0 0.632008 0.687458 0.259078 0.625083
0 0.780078 0.650042 0.184188 0.646667
0 0.332547 0.541625 0.051781 0.086542
0 0.889062 0.378750 0.044000 0.084208
0 0.938742 0.330073 0.023984 0.058646
0 0.446648 0.491260 0.039484 0.082979
0 0.926125 0.648312 0.146625 0.667417
0 0.574437 0.295208 0.043719 0.062792
0 0.439164 0.443333 0.045422 0.065333
0 0.921875 0.379729 0.036219 0.085750
0 0.362445 0.450552 0.032141 0.096437
0 0.500000 0.295833 0.996875 0.566667