0 0.668344 0.667510 0.011312 0.041771
0 0.717484 0.654385 0.014813 0.056438
0 0.454266 0.667198 0.023719 0.063271
0 0.570367 0.657729 0.013766 0.051958
0 0.545391 0.681271 0.012031 0.024042
0 0.795438 0.643865 0.008219 0.035479
0 0.486844 0.665792 0.014969 0.059875
0 0.632031 0.666000 0.016344 0.048292
0 0.867078 0.616833 0.011219 0.027125
0 0.648164 0.668688 0.014891 0.042333
0 0.501461 0.666031 0.017297 0.054146
0 0.138063 0.673625 0.015875 0.030500
0 0.685727 0.661594 0.017109 0.059104
0 0.567969 0.657292 0.817187 0.118750