0 0.190680 0.614875 0.111141 0.327694
0 0.039781 0.657056 0.030906 0.176611
0 0.010445 0.656486 0.019766 0.176639
0 0.284211 0.505764 0.056203 0.123306
0 0.417242 0.543986 0.038078 0.133028
0 0.391914 0.605931 0.054734 0.249972
0 0.476836 0.582486 0.111266 0.315139
0 0.771508 0.543597 0.075016 0.255917
0 0.671617 0.579958 0.132047 0.343972
0 0.354047 0.639528 0.081656 0.389500
0 0.569953 0.516944 0.082094 0.196500
0 0.931000 0.501833 0.060625 0.218778
0 0.847320 0.553208 0.069797 0.215028
0 0.711719 0.640278 0.573438 0.491667