0 0.861328 0.464927 0.007531 0.019229
0 0.759250 0.505479 0.009031 0.021875
0 0.815578 0.484427 0.005094 0.013437
0 0.508391 0.506875 0.010750 0.037083
0 0.491297 0.623854 0.034031 0.072208
0 0.304258 0.555854 0.013641 0.051250
0 0.706445 0.492875 0.012891 0.023375
0 0.812359 0.524344 0.005562 0.033271
0 0.993711 0.608958 0.011953 0.039833
0 0.798023 0.506344 0.006828 0.017521
0 0.806156 0.509854 0.007000 0.021375
0 0.733414 0.498656 0.002266 0.006146
0 0.797937 0.513750 0.010781 0.030625
0 0.692187 0.517708 0.281250 0.081250