0 0.471883 0.337079 0.120234 0.458411
0 0.843063 0.356612 0.105906 0.231729
0 0.607891 0.831460 0.169813 0.310117
0 0.686031 0.740444 0.172812 0.456168
0 0.470773 0.806589 0.195891 0.386822
0 0.326125 0.800444 0.232406 0.372196
0 0.152484 0.769813 0.177344 0.460374
0 0.054977 0.805187 0.109953 0.364860
0 0.234953 0.487079 0.142937 0.420327
0 0.402570 0.578902 0.116641 0.427430
0 0.553492 0.505012 0.121703 0.203294
0 0.700305 0.532582 0.090172 0.305631
0 0.582695 0.283388 0.073516 0.222850
0 0.500000 0.498832 0.996875 0.997664