0 0.767690 0.667347 0.079100 0.141520
0 0.612370 0.499147 0.030740 0.066133
0 0.951580 0.512480 0.021880 0.076427
0 0.190790 0.484680 0.026020 0.042747
0 0.896260 0.442347 0.008680 0.016640
0 0.746040 0.674653 0.071000 0.115013
0 0.619810 0.636387 0.083860 0.177253
0 0.422170 0.456480 0.016660 0.037067
0 0.771840 0.487280 0.018800 0.072747
0 0.199120 0.543960 0.078240 0.070640
0 0.890120 0.442640 0.005720 0.010187
0 0.929430 0.447387 0.010540 0.020907
0 0.951690 0.453600 0.010380 0.018773
0 0.947000 0.432000 0.102000 0.058667