0 0.482922 0.333326 0.072719 0.205761
0 0.432477 0.398794 0.058328 0.281101
0 0.397313 0.495504 0.263875 0.986511
0 0.211680 0.317272 0.163766 0.348220
0 0.119750 0.431944 0.231781 0.618267
0 0.142922 0.250351 0.072125 0.302857
0 0.611883 0.293431 0.057047 0.222319
0 0.848102 0.458829 0.068422 0.552412
0 0.790391 0.436534 0.068937 0.406792
0 0.585477 0.574157 0.142422 0.770796
0 0.739000 0.426499 0.122000 0.536651
0 0.428125 0.244098 0.059344 0.140937
0 0.497961 0.233677 0.033516 0.058829
0 0.658594 0.319672 0.376563 0.348946