0 0.442705 0.544461 0.494731 0.509297
0 0.577787 0.398086 0.122131 0.157109
0 0.397845 0.253266 0.147354 0.181375
0 0.289543 0.244648 0.108642 0.153922
0 0.791382 0.242227 0.125574 0.174016
0 0.905129 0.239961 0.185902 0.192891
0 0.641124 0.175078 0.136253 0.195312
0 0.180281 0.138031 0.125059 0.123531
0 0.171698 0.221969 0.131405 0.151094
0 0.289473 0.133227 0.099696 0.114016
0 0.524602 0.070750 0.128501 0.135813
0 0.042904 0.224266 0.085808 0.144937
0 0.745550 0.070258 0.119063 0.138578
0 0.498829 0.139844 0.997658 0.279687