0 0.419254 0.610110 0.462866 0.357300
0 0.813299 0.487050 0.141642 0.128980
0 0.721418 0.494040 0.122657 0.113680
0 0.742851 0.431360 0.087134 0.060040
0 0.727239 0.415120 0.076149 0.080320
0 0.267299 0.503660 0.123612 0.072640
0 0.192627 0.514750 0.049493 0.040140
0 0.110284 0.491800 0.039851 0.095360
0 0.641388 0.349690 0.130239 0.107900
0 0.619716 0.250810 0.051970 0.080620
0 0.559075 0.259070 0.076179 0.113620
0 0.505970 0.469930 0.096060 0.051740
0 0.498373 0.266040 0.063672 0.108280
0 0.500000 0.378000 0.994030 0.424000