0 0.249758 0.531282 0.425203 0.883397
0 0.601156 0.267612 0.117031 0.447853
0 0.466953 0.362997 0.082187 0.215224
0 0.522164 0.385128 0.044672 0.205641
0 0.039336 0.340353 0.047109 0.188590
0 0.386508 0.377676 0.053891 0.169006
0 0.764766 0.407596 0.117813 0.658269
0 0.964977 0.348478 0.067328 0.342724
0 0.919125 0.329215 0.081063 0.348301
0 0.848469 0.324712 0.082156 0.361795
0 0.106563 0.492372 0.119500 0.383462
0 0.542266 0.292580 0.037312 0.135801
0 0.695750 0.379343 0.040719 0.217981
0 0.452344 0.431090 0.904687 0.657051