0 0.365141 0.758359 0.210188 0.483283
0 0.772070 0.703872 0.106922 0.340236
0 0.840617 0.647593 0.068797 0.233131
0 0.501445 0.720976 0.107766 0.339865
0 0.600969 0.710210 0.103250 0.359882
0 0.636672 0.608695 0.061375 0.154024
0 0.971602 0.749646 0.056516 0.421549
0 0.740555 0.577466 0.030953 0.047828
0 0.891477 0.709226 0.085547 0.307744
0 0.437375 0.606970 0.026375 0.064141
0 0.708812 0.629032 0.048031 0.146077
0 0.462688 0.612551 0.037875 0.092946
0 0.940977 0.648215 0.060703 0.214916
0 0.436719 0.621212 0.523438 0.158249